%YAML:1.0
---
K: !!opencv-matrix
   rows: 3
   cols: 3
   dt: d
   data: [ 1.0888956353412957e+03, 0., 9.3400249214016083e+02, 0.,
       1.0859223387114737e+03, 5.7514595740171228e+02, 0., 0., 1. ]
D: !!opencv-matrix
   rows: 1
   cols: 5
   dt: d
   data: [ 5.2038217028900276e-02, -1.7316088076683783e-01,
       2.1786149295804917e-03, -6.3088730064534239e-04,
       7.2905559720982463e-02 ]
